30
1: 2, 9, 10, 15, 17, 18, 21, 24, 25, 28, 29
2: 1, 6, 9, 10, 11, 12, 14, 15, 17, 18, 19, 20, 21, 24, 27, 29, 30
3: 5, 9, 14, 15, 18, 21, 23, 25, 27, 28
4: 8, 11, 13, 14, 17, 19, 20, 21, 22, 25, 26, 27, 28, 29
5: 3, 7, 10, 11, 12, 14, 16, 17, 18, 19, 23, 25, 26, 27, 29, 30
6: 2, 7, 8, 12, 13, 14, 16, 19, 22, 28, 29
7: 5, 6, 14, 17, 18, 19, 21, 24, 25, 27, 29
8: 4, 6, 9, 12, 13, 15, 16, 17, 21, 22, 26, 27, 28, 29, 30
9: 1, 2, 3, 8, 10, 20, 23, 24, 25, 26, 28
10: 1, 2, 5, 9, 11, 12, 14, 16, 19, 20, 21, 22, 25, 26, 29, 30
11: 2, 4, 5, 10, 14, 15, 16, 19, 21, 23, 28, 30
12: 2, 5, 6, 8, 10, 14, 15, 16, 17, 18, 20, 26, 27, 29
13: 4, 6, 8, 14, 17, 19, 22, 24, 26, 30
14: 2, 3, 4, 5, 6, 7, 10, 11, 12, 13, 15, 16, 19, 20, 21, 22, 25, 26, 28
15: 1, 2, 3, 8, 11, 12, 14, 16, 17, 19, 21, 22, 23, 24, 27, 30
16: 5, 6, 8, 10, 11, 12, 14, 15, 18, 20, 21, 23, 24, 25, 28, 29, 30
17: 1, 2, 4, 5, 7, 8, 12, 13, 15, 24, 25, 27, 29
18: 1, 2, 3, 5, 7, 12, 16, 19, 20, 25, 26, 27, 28, 30
19: 2, 4, 5, 6, 7, 10, 11, 13, 14, 15, 18, 21, 24, 25, 28
20: 2, 4, 9, 10, 12, 14, 16, 18, 22, 23, 24, 25, 27, 29, 30
21: 1, 2, 3, 4, 7, 8, 10, 11, 14, 15, 16, 19, 22, 24, 26, 27
22: 4, 6, 8, 10, 13, 14, 15, 20, 21, 23, 26, 27, 28, 29, 30
23: 3, 5, 9, 11, 15, 16, 20, 22, 24, 25, 27, 29, 30
24: 1, 2, 7, 9, 13, 15, 16, 17, 19, 20, 21, 23, 26, 27, 29
25: 1, 3, 4, 5, 7, 9, 10, 14, 16, 17, 18, 19, 20, 23, 28
26: 4, 5, 8, 9, 10, 12, 13, 14, 18, 21, 22, 24, 27, 28, 29, 30
27: 2, 3, 4, 5, 7, 8, 12, 15, 17, 18, 20, 21, 22, 23, 24, 26, 29, 30
28: 1, 3, 4, 6, 8, 9, 11, 14, 16, 18, 19, 22, 25, 26, 30
29: 1, 2, 4, 5, 6, 7, 8, 10, 12, 16, 17, 20, 22, 23, 24, 26, 27, 30
30: 2, 5, 8, 10, 11, 13, 15, 16, 18, 20, 22, 23, 26, 27, 28, 29
