20
1: 3, 4, 5, 8, 9, 10, 11, 15, 16, 19
2: 3, 4, 6, 8, 9, 13, 16, 17, 19, 20
3: 1, 2, 5, 7, 9, 13, 14, 15, 17, 18, 19, 20
4: 1, 2, 5, 9, 14, 15, 20
5: 1, 3, 4, 6, 7, 9, 13, 14, 15, 16, 17, 19
6: 2, 5, 7, 9, 13, 14, 18, 19
7: 3, 5, 6, 12, 16, 17, 19
8: 1, 2, 9, 10, 12, 15, 18, 19
9: 1, 2, 3, 4, 5, 6, 8, 10, 11, 13, 15, 16, 17, 19, 20
10: 1, 8, 9, 11, 14, 17, 18, 19, 20
11: 1, 9, 10, 13, 15, 17, 18, 19, 20
12: 7, 8, 14, 18
13: 2, 3, 5, 6, 9, 11, 14, 17, 19
14: 3, 4, 5, 6, 10, 12, 13, 15, 17, 18
15: 1, 3, 4, 5, 8, 9, 11, 14, 17, 20
16: 1, 2, 5, 7, 9, 18, 19
17: 2, 3, 5, 7, 9, 10, 11, 13, 14, 15, 18, 20
18: 3, 6, 8, 10, 11, 12, 14, 16, 17, 20
19: 1, 2, 3, 5, 6, 7, 8, 9, 10, 11, 13, 16
20: 2, 3, 4, 9, 10, 11, 15, 17, 18
