25
1: 2, 3, 5, 7, 16, 17, 18, 21
2: 1, 3, 4, 5, 7, 8, 9, 10, 13, 14, 17, 19, 20
3: 1, 2, 6, 7, 12, 17, 20, 22, 23
4: 2, 6, 8, 10, 11, 13, 16, 17, 18, 19, 21, 22, 23, 24, 25
5: 1, 2, 10, 11, 13, 14, 15, 17, 19, 20, 21, 22, 23
6: 3, 4, 7, 8, 9, 11, 12, 17, 19, 20, 21, 23, 25
7: 1, 2, 3, 6, 10, 12, 13, 14, 15, 16, 18, 19, 20, 22, 23, 24
8: 2, 4, 6, 9, 12, 14, 18, 21, 22
9: 2, 6, 8, 12, 13, 17, 20, 23, 24
10: 2, 4, 5, 7, 12, 14, 15, 19, 23, 24, 25
11: 4, 5, 6, 12, 13, 17, 21, 24, 25
12: 3, 6, 7, 8, 9, 10, 11, 13, 14, 16, 17, 19, 20, 21
13: 2, 4, 5, 7, 9, 11, 12, 14, 16, 18, 21, 24, 25
14: 2, 5, 7, 8, 10, 12, 13, 15, 19, 20, 22, 24, 25
15: 5, 7, 10, 14, 17, 18, 20, 21, 22, 24
16: 1, 4, 7, 12, 13, 17, 18, 20, 23, 24
17: 1, 2, 3, 4, 5, 6, 9, 11, 12, 15, 16, 18, 20, 21, 23, 24
18: 1, 4, 7, 8, 13, 15, 16, 17, 20, 22, 23, 24, 25
19: 2, 4, 5, 6, 7, 10, 12, 14, 24
20: 2, 3, 5, 6, 7, 9, 12, 14, 15, 16, 17, 18, 21, 22, 24, 25
21: 1, 4, 5, 6, 8, 11, 12, 13, 15, 17, 20, 22, 24, 25
22: 3, 4, 5, 7, 8, 14, 15, 18, 20, 21, 24
23: 3, 4, 5, 6, 7, 9, 10, 16, 17, 18
24: 4, 7, 9, 10, 11, 13, 14, 15, 16, 17, 18, 19, 20, 21, 22, 25
25: 4, 6, 10, 11, 13, 14, 18, 20, 21, 24
